1 1 2026 10:00:00.000     116226318.920969      69502558.909764    -57434832.218376
1 1 2026 10:01:00.000     116528762.003110      68994858.748578    -57434980.182101
1 1 2026 10:02:00.000     116828987.198358      68485870.760441    -57435137.030836
1 1 2026 10:03:00.000     117126987.718954      67975604.966818    -57435301.507035
1 1 2026 10:04:00.000     117422756.830359      67464071.313870    -57435472.319818
1 1 2026 10:05:00.000     117716287.855063      66951279.670988    -57435648.150465
1 1 2026 10:06:00.000     118007574.176331      66437239.829688    -57435827.658035
1 1 2026 10:07:00.000     118296609.241933      65921961.502892    -57436009.485134
1 1 2026 10:08:00.000     118583386.567810      65405454.324630    -57436192.263831
1 1 2026 10:09:00.000     118867899.741657      64887727.850244    -57436374.621683
1 1 2026 10:10:00.000     119150142.426344      64368791.557103    -57436555.187800
1 1 2026 10:11:00.000     119430108.363169      63848654.845780    -57436732.598856
1 1 2026 10:12:00.000     119707791.374941      63327327.041634    -57436905.505030
1 1 2026 10:13:00.000     119983185.368930      62804817.396745    -57437072.575865
1 1 2026 10:14:00.000     120256284.339654      62281135.092294    -57437232.506061
1 1 2026 10:15:00.000     120527082.371532      61756289.241319    -57437384.021164
1 1 2026 10:16:00.000     120795573.641290      61230288.891946    -57437525.883098
1 1 2026 10:17:00.000     121061752.420173      60703143.030917    -57437656.895479
1 1 2026 10:18:00.000     121325613.075878      60174860.587488    -57437775.908708
1 1 2026 10:19:00.000     121587150.074372      59645450.437507    -57437881.824876
1 1 2026 10:20:00.000     121846357.981491      59114921.407881    -57437973.602473
